0.0000
0.5162
0.4097
-0.0949
-0.6106
-0.7865
-0.4950
0.1036
0.6619
0.8521
0.5604
-0.0453
-0.6130
-0.8127
-0.5297
0.0686
0.6302
0.8251
0.5382
-0.0630
-0.6269
-0.8235
-0.5380
0.0622
0.6252
0.8212
0.5352
-0.0654
-0.6288
-0.8251
-0.5393
0.0610
0.6242
0.8203
0.5344
-0.0662
-0.6296
-0.8258
-0.5400
0.0604
0.6236
0.8197
0.5338
-0.0667
-0.6301
-0.8263
-0.5405
0.0599
0.6231
0.8193
0.5334
-0.0671
-0.6305
-0.8267
-0.5409
0.0595
0.6228
0.8190
0.5331
-0.0674
-0.6307
-0.8269
-0.5411
0.0593
0.6226
0.8188
0.5329
-0.0675
-0.6309
-0.8270
-0.5412
0.0593
0.6226
0.8188
0.5329
-0.0675
-0.6308
-0.8270
-0.5411
0.0594
0.6227
0.8189
0.5331
-0.0673
-0.6306
-0.8267
-0.5408
0.0597
0.6230
0.8192
0.5334
-0.0670
-0.6302
-0.8264
-0.5404
0.0601
0.6235
0.8197
0.5339
-0.0665
-0.6297
-0.8258
-0.5399
0.0606
0.6240
0.8203
0.5345
-0.0659
-0.6291
-0.8252
-0.5393
0.0613
0.6247
0.8209
0.5352
-0.0652
-0.6284
-0.8245
-0.5385
0.0620
0.6254
0.8217
0.5359
-0.0644
-0.6277
-0.8237
-0.5378
0.0628
0.6262
0.8225
0.5367
-0.0636
-0.6269
-0.8229
-0.5370
0.0636
0.6270
0.8233
0.5375
-0.0628
-0.6260
-0.8221
-0.5362
0.0644
0.6278
0.8241
0.5383
-0.0621
-0.6253
-0.8213
-0.5354
0.0652
0.6286
0.8248
0.5390
-0.0613
-0.6245
-0.8206
-0.5347
0.0659
0.6292
0.8255
0.5397
-0.0607
-0.6239
-0.8200
-0.5341
0.0665
0.6298
0.8261
0.5403
-0.0601
-0.6234
-0.8195
-0.5336
0.0670
0.6303
0.8265
0.5407
-0.0597
-0.6230
-0.8191
-0.5332
0.0673
0.6306
0.8269
0.5410
-0.0594
-0.6227
-0.8189
-0.5330
0.0675
0.6308
0.8270
0.5412
-0.0593
-0.6226
-0.8188
-0.5329
0.0675
0.6308
0.8270
0.5411
-0.0593
-0.6226
-0.8188
-0.5330
0.0674
0.6307
0.8269
0.5410
-0.0595
-0.6229
-0.8191
-0.5332
0.0672
0.6304
0.8266
0.5406
-0.0599
-0.6232
-0.8195
-0.5336
0.0668
0.6300
0.8261
0.5402
-0.0603
-0.6237
-0.8200
-0.5342
0.0662
0.6294
0.8255
0.5396
-0.0609
-0.6243
-0.8206
-0.5348
0.0656
0.6288
0.8249
0.5389
-0.0616
-0.6250
-0.8213
-0.5355
0.0648
0.6280
0.8241
0.5382
-0.0624
-0.6258
-0.8221
-0.5363
0.0641
0.6273
0.8233
0.5374
-0.0632
-0.6266
-0.8229
-0.5371
0.0632
0.6264
0.8225
0.5366
-0.0640
-0.6274
-0.8237
-0.5379
0.0624
0.6256
0.8217
0.5358
-0.0648
-0.6282
-0.8245
-0.5387
0.0617
0.6249
0.8210
0.5350
-0.0655
-0.6289
-0.8252
-0.5394
0.0610
0.6242
0.8203
0.5344
-0.0662
-0.6296
-0.8258
-0.5400
0.0604
0.6236
0.8197
0.5338
-0.0667
-0.6301
-0.8263
-0.5405
0.0599
0.6231
0.8193
0.5334
-0.0671
-0.6305
-0.8267
-0.5409
0.0595
0.6228
0.8190
0.5331
-0.0674
-0.6307
-0.8269
-0.5411
0.0593
0.6226
0.8188
0.5329
-0.0675
-0.6309
-0.8270
-0.5412
0.0593
0.6226
0.8188
0.5329
-0.0675
-0.6308
-0.8270
-0.5411
0.0594
0.6227
0.8189
0.5331
-0.0673
-0.6306
-0.8267
-0.5408
0.0597
0.6230
0.8192
0.5334
-0.0670
-0.6302
-0.8263
-0.5404
0.0601
0.6235
0.8197
0.5339
-0.0665
-0.6297
-0.8258
-0.5399
0.0606
0.6240
0.8203
0.5345
-0.0659
-0.6291
-0.8252
-0.5393
0.0613
0.6247
0.8209
0.5352
-0.0652
-0.6284
-0.8245
-0.5385
0.0620
0.6254
0.8217
0.5359
-0.0645
-0.6277
-0.8237
-0.5378
0.0628
0.6262
0.8225
0.5367
-0.0636
-0.6269
-0.8229
-0.5370
0.0636
0.6270
0.8233
0.5375
-0.0628
-0.6260
-0.8221
-0.5362
0.0644
0.6278
0.8241
0.5383
-0.0621
-0.6253
-0.8213
-0.5354
0.0652
0.6286
0.8248
0.5391
-0.0613
-0.6245
-0.8206
-0.5347
0.0659
0.6292
0.8255
0.5397
-0.0607
-0.6239
-0.8200
-0.5341
0.0665
0.6298
0.8261
0.5403
-0.0601
-0.6234
-0.8195
-0.5336
0.0670
0.6303
0.8265
0.5407
-0.0597
-0.6229
-0.8191
-0.5332
0.0673
0.6306
0.8269
0.5410
-0.0594
-0.6227
-0.8189
-0.5330
0.0675
0.6308
0.8270
0.5412
-0.0593
-0.6226
-0.8188
-0.5329
0.0675
0.6308
0.8270
0.5411
-0.0593
-0.6226
-0.8188
-0.5330
0.0674
0.6307
0.8269
0.5410
-0.0595
-0.6229
-0.8191
-0.5332
0.0672
0.6304
0.8266
0.5406
-0.0599
-0.6232
-0.8195
-0.5336
0.0667
0.6300
0.8261
0.5402
-0.0603
-0.6237
-0.8200
-0.5342
0.0662
0.6294
0.8255
0.5396
-0.0609
-0.6243
-0.8206
-0.5348
0.0656
0.6288
0.8249
0.5389
-0.0616
-0.6250
-0.8213
-0.5355
0.0648
0.6280
0.8241
0.5382
-0.0624
-0.6258
-0.8221
-0.5363
0.0640
