-0.7500
-0.6711
-0.5921
-0.5132
-0.4342
-0.3553
-0.2763
-0.1974
-0.1184
-0.0395
0.0395
0.1184
0.1974
0.2763
0.3553
0.4342
0.5132
0.5921
0.6711
0.7500
-0.7500
-0.6711
-0.5921
-0.5132
-0.4342
-0.3553
-0.2763
-0.1974
-0.1184
-0.0395
0.0395
0.1184
0.1974
0.2763
0.3553
0.4342
0.5132
0.5921
0.6711
0.7500
-0.7500
-0.6711
-0.5921
-0.5132
-0.4342
-0.3553
-0.2763
-0.1974
-0.1184
-0.0395
0.0395
0.1184
0.1974
0.2763
0.3553
0.4342
0.5132
0.5921
0.6711
0.7500
-0.7500
-0.6711
-0.5921
-0.5132
-0.4342
-0.3553
-0.2763
-0.1974
-0.1184
-0.0395
0.0395
0.1184
0.1974
0.2763
0.3553
0.4342
0.5132
0.5921
0.6711
0.7500
-0.7500
-0.6711
-0.5921
-0.5132
-0.4342
-0.3553
-0.2763
-0.1974
-0.1184
-0.0395
0.0395
0.1184
0.1974
0.2763
0.3553
0.4342
0.5132
0.5921
0.6711
0.7500
