1.0000
0.9553
0.8253
0.6216
0.3624
0.0707
-0.2272
-0.5048
-0.7374
-0.9041
-0.9900
-0.9875
-0.8968
-0.7259
-0.4903
-0.2108
0.0875
0.3780
0.6347
0.8347
0.9602
0.9999
0.9502
0.8157
0.6084
0.3466
0.0540
-0.2435
-0.5193
-0.7486
-0.9111
-0.9922
-0.9847
-0.8892
-0.7143
-0.4755
-0.1943
0.1042
0.3935
0.6476
0.8439
0.9647
0.9994
0.9449
0.8059
0.5949
0.3308
0.0372
-0.2598
-0.5336
-0.7597
-0.9179
-0.9942
-0.9816
-0.8814
-0.7024
-0.4607
-0.1778
0.1209
0.4089
0.6603
0.8528
0.9690
0.9987
0.9392
0.7958
0.5813
0.3149
0.0203
-0.2760
-0.5477
-0.7705
-0.9245
-0.9958
-0.9783
-0.8733
-0.6903
-0.4457
-0.1612
0.1376
0.4242
0.6729
0.8614
0.9730
0.9977
0.9333
0.7855
0.5676
0.2989
0.0035
-0.2921
-0.5617
-0.7811
-0.9308
-0.9972
-0.9746
-0.8650
-0.6781
-0.4306
-0.1446
0.1543
0.4393
0.6852
0.8698
0.9768
0.9965
0.9271
0.7750
0.5536
0.2828
-0.0133
-0.3082
-0.5756
-0.7915
-0.9368
-0.9983
-0.9707
-0.8564
-0.6656
-0.4153
-0.1280
0.1708
0.4544
0.6973
0.8780
0.9802
0.9949
0.9207
0.7643
0.5396
0.2666
-0.0301
-0.3241
-0.5892
-0.8017
-0.9425
-0.9992
-0.9666
-0.8476
-0.6530
-0.4000
-0.1113
0.1874
0.4693
0.7093
0.8859
0.9834
0.9931
0.9140
0.7533
0.5253
0.2504
-0.0469
-0.3400
-0.6027
-0.8116
-0.9480
-0.9997
-0.9621
-0.8386
-0.6401
-0.3845
-0.0945
0.2039
0.4841
0.7211
0.8936
0.9863
0.9910
0.9071
0.7422
0.5109
0.2341
-0.0637
-0.3558
-0.6161
-0.8213
-0.9532
-1.0000
-0.9574
-0.8293
-0.6271
-0.3689
-0.0778
0.2203
0.4987
0.7326
0.9010
0.9890
0.9886
0.8999
0.7308
0.4964
0.2177
-0.0804
-0.3714
-0.6292
-0.8308
-0.9582
-1.0000
