0.0000
0.0015
0.0051
0.0074
0.0055
0.0008
-0.0039
-0.0058
-0.0035
0.0016
0.0067
0.0090
0.0071
0.0024
-0.0024
-0.0042
-0.0020
0.0031
0.0082
0.0105
0.0086
0.0039
-0.0009
-0.0028
-0.0006
0.0045
0.0096
0.0118
0.0100
0.0052
0.0004
-0.0015
0.0007
0.0058
0.0109
0.0130
0.0111
0.0063
0.0015
-0.0004
0.0017
0.0068
0.0118
0.0140
0.0120
0.0072
0.0024
0.0004
0.0025
0.0076
0.0126
0.0147
0.0127
0.0078
0.0029
0.0010
0.0030
0.0080
0.0130
0.0151
0.0130
0.0081
0.0032
0.0012
0.0032
0.0082
0.0131
0.0151
0.0131
0.0081
0.0032
0.0011
0.0031
0.0080
0.0129
0.0149
0.0128
0.0078
0.0028
0.0007
0.0027
0.0076
0.0124
0.0144
0.0122
0.0072
0.0022
0.0000
0.0020
0.0068
0.0116
0.0135
0.0114
0.0063
0.0013
-0.0009
0.0010
0.0058
0.0106
0.0125
0.0103
0.0052
0.0001
-0.0021
-0.0002
0.0045
0.0093
0.0112
0.0090
0.0039
-0.0013
-0.0035
-0.0016
0.0031
0.0079
0.0097
0.0075
0.0024
-0.0028
-0.0050
-0.0031
0.0016
0.0063
0.0082
0.0059
0.0008
-0.0043
-0.0066
-0.0047
-0.0000
0.0047
0.0066
0.0043
-0.0008
-0.0059
-0.0082
-0.0063
-0.0016
0.0031
0.0050
0.0028
-0.0024
-0.0075
-0.0097
-0.0079
-0.0031
0.0016
0.0035
0.0013
-0.0039
-0.0090
-0.0112
-0.0093
-0.0045
0.0002
0.0021
-0.0001
-0.0052
-0.0103
-0.0125
-0.0106
-0.0058
-0.0010
0.0009
-0.0013
-0.0063
-0.0114
-0.0135
-0.0116
-0.0068
-0.0020
-0.0000
-0.0022
-0.0072
-0.0122
-0.0144
-0.0124
-0.0076
-0.0027
-0.0007
-0.0028
-0.0078
-0.0128
-0.0149
-0.0129
-0.0080
-0.0031
-0.0011
-0.0032
-0.0081
-0.0131
-0.0151
-0.0131
-0.0082
-0.0032
-0.0012
-0.0032
-0.0081
-0.0130
-0.0151
-0.0130
-0.0080
-0.0030
-0.0010
-0.0029
-0.0078
-0.0127
-0.0147
-0.0126
-0.0076
-0.0025
-0.0004
-0.0024
-0.0072
-0.0120
-0.0140
-0.0118
-0.0068
-0.0017
0.0004
-0.0015
-0.0063
-0.0111
-0.0130
-0.0109
-0.0058
-0.0007
0.0015
-0.0004
-0.0052
-0.0100
-0.0118
-0.0096
-0.0045
0.0006
0.0028
0.0009
-0.0039
-0.0086
-0.0105
-0.0082
-0.0031
0.0020
0.0042
0.0024
-0.0024
-0.0071
-0.0090
-0.0067
-0.0016
0.0035
0.0058
0.0039
-0.0008
-0.0055
-0.0074
-0.0051
0.0000
0.0051
0.0074
0.0055
0.0008
-0.0039
-0.0058
-0.0035
0.0016
0.0067
0.0090
0.0071
0.0024
-0.0024
-0.0042
-0.0020
0.0031
0.0082
0.0105
0.0086
0.0039
-0.0009
-0.0028
-0.0006
0.0045
0.0096
0.0118
0.0100
0.0052
0.0004
-0.0015
0.0007
0.0058
0.0109
0.0130
0.0111
0.0063
0.0015
-0.0004
0.0017
0.0068
0.0118
0.0140
0.0120
0.0072
0.0024
0.0004
0.0025
0.0076
0.0126
0.0147
0.0127
0.0078
0.0029
0.0010
0.0030
0.0080
0.0130
0.0151
0.0130
0.0081
0.0032
0.0012
0.0032
0.0082
0.0131
0.0151
0.0131
0.0081
0.0032
0.0011
0.0031
0.0080
0.0129
0.0149
0.0128
0.0078
0.0028
0.0007
0.0027
0.0076
0.0124
0.0144
0.0122
0.0072
0.0022
0.0000
0.0020
0.0068
0.0116
0.0135
0.0114
0.0063
0.0013
-0.0009
0.0010
0.0058
0.0106
0.0125
0.0103
0.0052
0.0001
-0.0021
-0.0002
0.0045
0.0093
0.0112
0.0090
0.0039
-0.0013
-0.0035
-0.0016
0.0031
0.0079
0.0097
0.0075
0.0024
-0.0028
-0.0050
-0.0031
0.0016
0.0063
0.0082
0.0059
0.0008
-0.0043
-0.0066
-0.0047
-0.0000
0.0047
0.0066
0.0043
-0.0008
-0.0059
-0.0082
-0.0063
-0.0016
0.0031
0.0050
0.0028
-0.0024
-0.0075
-0.0097
-0.0079
-0.0031
0.0016
0.0035
0.0013
-0.0039
-0.0090
-0.0112
-0.0093
-0.0045
0.0002
0.0021
-0.0001
-0.0052
-0.0103
-0.0125
-0.0106
-0.0058
-0.0010
0.0009
-0.0013
-0.0063
-0.0114
-0.0135
-0.0116
-0.0068
-0.0020
-0.0000
-0.0022
-0.0072
-0.0122
-0.0144
-0.0124
-0.0076
-0.0027
-0.0007
-0.0028
-0.0078
-0.0128
-0.0149
-0.0129
-0.0080
-0.0031
-0.0011
-0.0032
-0.0081
-0.0131
-0.0151
-0.0131
-0.0082
-0.0032
-0.0012
-0.0032
-0.0081
-0.0130
-0.0151
-0.0130
-0.0080
-0.0030
-0.0010
-0.0029
-0.0078
-0.0127
-0.0147
-0.0126
-0.0076
-0.0025
-0.0004
-0.0024
-0.0072
-0.0120
-0.0140
-0.0118
-0.0068
-0.0017
0.0004
-0.0015
-0.0063
-0.0111
-0.0130
-0.0109
-0.0058
-0.0007
0.0015
-0.0004
-0.0052
-0.0100
-0.0118
-0.0096
-0.0045
0.0006
0.0028
0.0009
-0.0039
-0.0086
-0.0105
-0.0082
-0.0031
0.0020
0.0042
0.0024
-0.0024
-0.0071
-0.0090
-0.0067
-0.0016
0.0035
0.0058
0.0039
-0.0008
-0.0055
-0.0074
