0.0000
0.5162
-0.2944
-0.4164
-0.2946
-0.0003
0.2939
0.4158
0.2938
-0.0007
-0.2951
-0.4171
-0.2953
-0.0010
0.2933
0.4151
0.2931
-0.0013
-0.2957
-0.4177
-0.2959
-0.0016
0.2927
0.4145
0.2925
-0.0019
-0.2963
-0.4183
-0.2965
-0.0022
0.2921
0.4140
0.2920
-0.0024
-0.2968
-0.4188
-0.2969
-0.0026
0.2917
0.4135
0.2916
-0.0028
-0.2972
-0.4192
-0.2973
-0.0030
0.2913
0.4132
0.2912
-0.0032
-0.2976
-0.4195
-0.2976
-0.0033
0.2911
0.4130
0.2910
-0.0034
-0.2977
-0.4197
-0.2978
-0.0034
0.2909
0.4129
0.2909
-0.0034
-0.2978
-0.4197
-0.2978
-0.0034
0.2910
0.4129
0.2910
-0.0034
-0.2977
-0.4196
-0.2977
-0.0033
0.2911
0.4131
0.2912
-0.0032
-0.2975
-0.4194
-0.2974
-0.0030
0.2914
0.4133
0.2915
-0.0028
-0.2972
-0.4190
-0.2971
-0.0027
0.2918
0.4137
0.2919
-0.0024
-0.2967
-0.4186
-0.2966
-0.0022
0.2922
0.4142
0.2924
-0.0019
-0.2962
-0.4180
-0.2960
-0.0016
0.2928
0.4148
0.2930
-0.0013
-0.2956
-0.4174
-0.2954
-0.0010
0.2934
0.4154
0.2936
-0.0007
-0.2949
-0.4168
-0.2948
-0.0003
0.2941
0.4161
0.2943
-0.0000
-0.2943
-0.4161
-0.2941
0.0003
0.2948
0.4168
0.2949
0.0007
-0.2936
-0.4154
-0.2934
0.0010
0.2954
0.4174
0.2956
0.0013
-0.2930
-0.4148
-0.2928
0.0016
0.2960
0.4180
0.2962
0.0019
-0.2924
-0.4142
-0.2922
0.0022
0.2966
0.4186
0.2967
0.0024
-0.2919
-0.4137
-0.2918
0.0026
0.2971
0.4190
0.2972
0.0028
-0.2915
-0.4133
-0.2914
0.0030
0.2974
0.4194
0.2975
0.0032
-0.2911
-0.4131
-0.2911
0.0033
0.2977
0.4196
0.2977
0.0034
-0.2910
-0.4129
-0.2910
0.0034
0.2978
0.4197
0.2978
0.0034
-0.2909
-0.4129
-0.2909
0.0034
0.2978
0.4197
0.2977
0.0034
-0.2910
-0.4130
-0.2911
0.0033
0.2976
0.4195
0.2976
0.0032
-0.2912
-0.4132
-0.2913
0.0030
0.2973
0.4192
0.2972
0.0028
-0.2916
-0.4135
-0.2917
0.0027
0.2969
0.4188
0.2968
0.0024
-0.2920
-0.4140
-0.2921
0.0022
0.2965
0.4183
0.2963
0.0019
-0.2925
-0.4145
-0.2927
0.0016
0.2959
0.4177
0.2957
0.0013
-0.2931
-0.4151
-0.2933
0.0010
0.2953
0.4171
0.2951
0.0007
-0.2938
-0.4158
-0.2939
0.0003
0.2946
0.4165
0.2944
0.0000
-0.2944
-0.4164
-0.2946
-0.0003
0.2939
0.4158
0.2938
-0.0007
-0.2951
-0.4171
-0.2953
-0.0010
0.2933
0.4151
0.2931
-0.0013
-0.2957
-0.4177
-0.2959
-0.0016
0.2927
0.4145
0.2925
-0.0019
-0.2963
-0.4183
-0.2965
-0.0022
0.2921
0.4140
0.2920
-0.0024
-0.2968
-0.4188
-0.2969
-0.0026
0.2917
0.4135
0.2916
-0.0028
-0.2972
-0.4192
-0.2973
-0.0030
0.2913
0.4132
0.2912
-0.0032
-0.2976
-0.4195
-0.2976
-0.0033
0.2911
0.4130
0.2910
-0.0034
-0.2977
-0.4197
-0.2978
-0.0034
0.2909
0.4129
0.2909
-0.0034
-0.2978
-0.4197
-0.2978
-0.0034
0.2910
0.4129
0.2910
-0.0033
-0.2977
-0.4196
-0.2977
-0.0033
0.2911
0.4131
0.2912
-0.0032
-0.2975
-0.4194
-0.2974
-0.0030
0.2914
0.4134
0.2915
-0.0028
-0.2972
-0.4190
-0.2971
-0.0026
0.2918
0.4137
0.2919
-0.0024
-0.2967
-0.4186
-0.2966
-0.0022
0.2922
0.4142
0.2924
-0.0019
-0.2962
-0.4180
-0.2960
-0.0016
0.2928
0.4148
0.2930
-0.0013
-0.2956
-0.4174
-0.2954
-0.0010
0.2934
0.4154
0.2936
-0.0007
-0.2949
-0.4168
-0.2948
-0.0003
0.2941
0.4161
0.2943
-0.0000
-0.2943
-0.4161
-0.2941
0.0003
0.2948
0.4168
0.2949
0.0007
-0.2936
-0.4154
-0.2934
0.0010
0.2954
0.4174
0.2956
0.0013
-0.2930
-0.4148
-0.2928
0.0016
0.2960
0.4180
0.2962
0.0019
-0.2924
-0.4142
-0.2923
0.0022
0.2966
0.4186
0.2967
0.0024
-0.2919
-0.4137
-0.2918
0.0026
0.2971
0.4190
0.2972
0.0029
-0.2915
-0.4134
-0.2914
0.0030
0.2974
0.4194
0.2975
0.0032
-0.2912
-0.4131
-0.2911
0.0033
0.2976
0.4196
0.2977
0.0033
-0.2910
-0.4129
-0.2910
0.0034
0.2978
0.4197
0.2978
0.0034
-0.2909
-0.4128
-0.2909
0.0034
0.2977
0.4197
0.2977
0.0034
-0.2910
-0.4130
-0.2911
0.0033
0.2976
0.4195
0.2975
0.0032
-0.2912
-0.4132
-0.2913
0.0030
0.2973
0.4192
0.2972
0.0028
-0.2916
-0.4135
-0.2917
0.0026
0.2969
0.4188
0.2968
0.0024
-0.2920
-0.4140
-0.2921
0.0022
0.2965
0.4183
0.2963
0.0019
-0.2925
-0.4145
-0.2927
0.0016
0.2959
0.4178
0.2957
0.0013
-0.2931
-0.4151
-0.2933
0.0010
0.2953
0.4171
0.2951
0.0007
-0.2938
-0.4158
-0.2939
0.0003
0.2946
0.4164
