-1.5000
-1.3500
-1.2000
-1.0500
-0.9000
-0.7500
-0.6000
-0.4500
-0.3000
-0.1500
0.0000
0.1500
0.3000
0.4500
0.6000
0.7500
0.9000
1.0500
1.2000
1.3500
1.5000
1.3500
1.2000
1.0500
0.9000
0.7500
0.6000
0.4500
0.3000
0.1500
0.0000
-0.1500
-0.3000
-0.4500
-0.6000
-0.7500
-0.9000
-1.0500
-1.2000
-1.3500
-1.5000
-1.3500
-1.2000
-1.0500
-0.9000
-0.7500
-0.6000
-0.4500
-0.3000
-0.1500
0.0000
0.1500
0.3000
0.4500
0.6000
0.7500
0.9000
1.0500
1.2000
1.3500
1.5000
1.3500
1.2000
1.0500
0.9000
0.7500
0.6000
0.4500
0.3000
0.1500
0.0000
-0.1500
-0.3000
-0.4500
-0.6000
-0.7500
-0.9000
-1.0500
-1.2000
-1.3500
-1.5000
-1.3500
-1.2000
-1.0500
-0.9000
-0.7500
-0.6000
-0.4500
-0.3000
-0.1500
0.0000
0.1500
0.3000
0.4500
0.6000
0.7500
0.9000
1.0500
1.2000
1.3500
1.5000
1.3500
1.2000
1.0500
0.9000
0.7500
0.6000
0.4500
0.3000
0.1500
0.0000
-0.1500
-0.3000
-0.4500
-0.6000
-0.7500
-0.9000
-1.0500
-1.2000
-1.3500
-1.5000
-1.3500
-1.2000
-1.0500
-0.9000
-0.7500
-0.6000
-0.4500
-0.3000
-0.1500
0.0000
0.1500
0.3000
0.4500
0.6000
0.7500
0.9000
1.0500
1.2000
1.3500
1.5000
1.3500
1.2000
1.0500
0.9000
0.7500
0.6000
0.4500
0.3000
0.1500
0.0000
-0.1500
-0.3000
-0.4500
-0.6000
-0.7500
-0.9000
-1.0500
-1.2000
-1.3500
-1.5000
-1.3500
-1.2000
-1.0500
-0.9000
-0.7500
-0.6000
-0.4500
-0.3000
-0.1500
0.0000
0.1500
0.3000
0.4500
0.6000
0.7500
0.9000
1.0500
1.2000
1.3500
1.5000
1.3500
1.2000
1.0500
0.9000
0.7500
0.6000
0.4500
0.3000
0.1500
0.0000
-0.1500
-0.3000
-0.4500
-0.6000
-0.7500
-0.9000
-1.0500
-1.2000
-1.3500
