0.0000
0.1253
0.2487
0.3681
0.4818
0.5878
0.6845
0.7705
0.8443
0.9048
0.9511
0.9823
0.9980
0.9980
0.9823
0.9511
0.9048
0.8443
0.7705
0.6845
0.5878
0.4818
0.3681
0.2487
0.1253
-0.0000
-0.1253
-0.2487
-0.3681
-0.4818
-0.5878
-0.6845
-0.7705
-0.8443
-0.9048
-0.9511
-0.9823
-0.9980
-0.9980
-0.9823
-0.9511
-0.9048
-0.8443
-0.7705
-0.6845
-0.5878
-0.4818
-0.3681
-0.2487
-0.1253
0.0000
0.1253
0.2487
0.3681
0.4818
0.5878
0.6845
0.7705
0.8443
0.9048
0.9511
0.9823
0.9980
0.9980
0.9823
0.9511
0.9048
0.8443
0.7705
0.6845
0.5878
0.4818
0.3681
0.2487
0.1253
-0.0000
-0.1253
-0.2487
-0.3681
-0.4818
-0.5878
-0.6845
-0.7705
-0.8443
-0.9048
-0.9511
-0.9823
-0.9980
-0.9980
-0.9823
-0.9511
-0.9048
-0.8443
-0.7705
-0.6845
-0.5878
-0.4818
-0.3681
-0.2487
-0.1253
0.0000
0.1253
0.2487
0.3681
0.4818
0.5878
0.6845
0.7705
0.8443
0.9048
0.9511
0.9823
0.9980
0.9980
0.9823
0.9511
0.9048
0.8443
0.7705
0.6845
0.5878
0.4818
0.3681
0.2487
0.1253
-0.0000
-0.1253
-0.2487
-0.3681
-0.4818
-0.5878
-0.6845
-0.7705
-0.8443
-0.9048
-0.9511
-0.9823
-0.9980
-0.9980
-0.9823
-0.9511
-0.9048
-0.8443
-0.7705
-0.6845
-0.5878
-0.4818
-0.3681
-0.2487
-0.1253
0.0000
0.1253
0.2487
0.3681
0.4818
0.5878
0.6845
0.7705
0.8443
0.9048
0.9511
0.9823
0.9980
0.9980
0.9823
0.9511
0.9048
0.8443
0.7705
0.6845
0.5878
0.4818
0.3681
0.2487
0.1253
-0.0000
-0.1253
-0.2487
-0.3681
-0.4818
-0.5878
-0.6845
-0.7705
-0.8443
-0.9048
-0.9511
-0.9823
-0.9980
-0.9980
-0.9823
-0.9511
-0.9048
-0.8443
-0.7705
-0.6845
-0.5878
-0.4818
-0.3681
-0.2487
-0.1253
0.0000
0.1253
0.2487
0.3681
0.4818
0.5878
0.6845
0.7705
0.8443
0.9048
0.9511
0.9823
0.9980
0.9980
0.9823
0.9511
0.9048
0.8443
0.7705
0.6845
0.5878
0.4818
0.3681
0.2487
0.1253
-0.0000
-0.1253
-0.2487
-0.3681
-0.4818
-0.5878
-0.6845
-0.7705
-0.8443
-0.9048
-0.9511
-0.9823
-0.9980
-0.9980
-0.9823
-0.9511
-0.9048
-0.8443
-0.7705
-0.6845
-0.5878
-0.4818
-0.3681
-0.2487
-0.1253
0.0000
0.1253
0.2487
0.3681
0.4818
0.5878
0.6845
0.7705
0.8443
0.9048
0.9511
0.9823
0.9980
0.9980
0.9823
0.9511
0.9048
0.8443
0.7705
0.6845
0.5878
0.4818
0.3681
0.2487
0.1253
-0.0000
-0.1253
-0.2487
-0.3681
-0.4818
-0.5878
-0.6845
-0.7705
-0.8443
-0.9048
-0.9511
-0.9823
-0.9980
-0.9980
-0.9823
-0.9511
-0.9048
-0.8443
-0.7705
-0.6845
-0.5878
-0.4818
-0.3681
-0.2487
-0.1253
0.0000
0.1253
0.2487
0.3681
0.4818
0.5878
0.6845
0.7705
0.8443
0.9048
0.9511
0.9823
0.9980
0.9980
0.9823
0.9511
0.9048
0.8443
0.7705
0.6845
0.5878
0.4818
0.3681
0.2487
0.1253
-0.0000
-0.1253
-0.2487
-0.3681
-0.4818
-0.5878
-0.6845
-0.7705
-0.8443
-0.9048
-0.9511
-0.9823
-0.9980
-0.9980
-0.9823
-0.9511
-0.9048
-0.8443
-0.7705
-0.6845
-0.5878
-0.4818
-0.3681
-0.2487
-0.1253
0.0000
0.1253
0.2487
0.3681
0.4818
0.5878
0.6845
0.7705
0.8443
0.9048
0.9511
0.9823
0.9980
0.9980
0.9823
0.9511
0.9048
0.8443
0.7705
0.6845
0.5878
0.4818
0.3681
0.2487
0.1253
-0.0000
-0.1253
-0.2487
-0.3681
-0.4818
-0.5878
-0.6846
-0.7705
-0.8443
-0.9048
-0.9511
-0.9823
-0.9980
-0.9980
-0.9823
-0.9511
-0.9048
-0.8443
-0.7705
-0.6845
-0.5878
-0.4818
-0.3681
-0.2487
-0.1253
0.0000
0.1253
0.2487
0.3681
0.4818
0.5878
0.6845
0.7705
0.8443
0.9048
0.9511
0.9823
0.9980
0.9980
0.9823
0.9511
0.9048
0.8443
0.7705
0.6845
0.5878
0.4818
0.3681
0.2487
0.1253
-0.0000
-0.1253
-0.2487
-0.3681
-0.4818
-0.5878
-0.6845
-0.7705
-0.8443
-0.9048
-0.9511
-0.9823
-0.9980
-0.9980
-0.9823
-0.9511
-0.9048
-0.8443
-0.7705
-0.6845
-0.5878
-0.4818
-0.3681
-0.2487
-0.1253
0.0000
0.1253
0.2487
0.3681
0.4818
0.5878
0.6846
0.7705
0.8443
0.9048
0.9511
0.9823
0.9980
0.9980
0.9823
0.9511
0.9048
0.8443
0.7705
0.6845
0.5878
0.4818
0.3681
0.2487
0.1253
-0.0000
-0.1253
-0.2487
-0.3681
-0.4818
-0.5878
-0.6845
-0.7705
-0.8443
-0.9048
-0.9511
-0.9823
-0.9980
-0.9980
-0.9823
-0.9511
-0.9048
-0.8443
-0.7705
-0.6845
-0.5878
-0.4818
-0.3681
-0.2487
-0.1253
0.0000
0.1253
0.2487
0.3681
0.4818
0.5878
0.6845
0.7705
0.8443
0.9048
0.9511
0.9823
