5
6
-5
-6
-2
-4
-3
-4
-3
-7
6
-6
-3
-3
-3
-5
-3
7
5
6
-7
6
-6
-4
-5
-4
-4
-3
-2
-4
-4
-4
-1
-5
-4
-5
-7
-6
-6
-3
-4
-1
7
6
7
4
4
-7
17
-1
-3
6
-31
-2
2
1
9
-6
5
-5
-3
13
25
54
14
40
61
59
79
38
63
97
92
123
108
109
110
91
105
106
130
115
139
142
140
120
143
162
96
56
78
96
129
133
131
118
48
14
12
10
0
63
18
51
28
-5
-16
-32
14
-5
-36
-33
-44
-39
-28
-26
-51
-95
-112
-88
-83
-62
-112
-129
-175
-159
-191
-151
-186
-166
-143
-94
-93
-165
-187
-168
-166
-146
-189
-168
-174
-183
-176
-192
-205
-198
-193
-222
-195
-228
-225
-207
-233
-212
-210
-198
-196
-222
-194
-186
-218
-231
-249
-225
-212
-250
-241
-252
-238
-264
-286
-267
-233
-248
-226
-201
-199
-216
-214
-235
-266
-263
-223
-240
-252
-234
-202
-176
-183
-203
-202
-184
-185
-205
-209
-77
-41
-74
-105
-116
-104
-90
-73
-21
5
5
15
49
59
82
75
75
99
105
132
174
171
147
178
198
193
194
233
263
276
288
305
318
335
346
360
317
342
354
372
384
381
393
397
405
401
400
423
432
409
397
394
403
405
395
379
374
373
333
338
337
369
302
307
304
287
270
253
239
229
194
171
158
199
218
199
184
149
115
96
71
79
60
81
58
54
12
3
-22
-14
-30
-52
-30
-29
-28
-48
-68
-89
-115
-155
-150
-107
-144
-146
-176
-252
-294
-287
-310
-283
-251
-213
-215
-199
-162
-154
-139
-118
-135
-191
-245
-296
-322
-357
-391
-388
-337
-323
-285
-295
-298
-287
-294
-280
-263
-246
-223
-222
-230
-241
-249
-251
-240
-250
-237
-214
-197
-181
-163
-162
-172
-154
-125
-70
-51
-32
-48
-54
-70
-96
-95
-82
-62
-17
17
33
49
44
66
66
46
61
60
99
106
142
154
137
139
114
107
109
112
106
115
118
144
191
192
199
216
198
213
265
333
349
356
329
297
254
240
252
247
228
226
226
246
241
264
254
281
275
285
295
256
234
180
155
157
154
143
123
95
55
39
67
81
69
56
26
-16
-61
-94
-142
-117
-99
-108
-115
-147
-178
-207
-267
-271
-297
-284
-294
-270
-282
-273
-306
-315
-318
-327
-324
-328
-339
-370
-384
-387
-377
-391
-365
-372
-348
-361
-367
-388
-384
-349
-341
-316
-320
-350
-387
-404
-395
-405
-391
-350
-343
-325
-339
-355
-363
-379
-394
-405
-373
-347
-354
-318
-307
-259
-224
-204
-156
-121
-113
-98
-72
-70
-75
-86
-99
-80
-59
-43
-28
-28
-40
-77
18
75
140
152
170
119
74
82
102
137
174
190
194
213
213
218
216
183
175
158
135
146
177
272
326
339
327
298
264
213
206
183
201
197
231
240
272
302
350
373
372
348
335
317
304
299
325
319
339
339
322
316
304
298
214
161
124
72
69
124
174
234
231
194
168
151
149
159
131
97
54
23
7
-34
-40
-54
-70
-97
-85
-109
-118
-173
-221
-256
-297
-284
-299
-290
-324
-341
-336
-355
-346
-351
-361
-386
-380
-400
-403
-393
-398
-417
-419
-410
-427
-467
-483
-475
-461
-445
-434
-414
-411
-423
-443
-481
-518
-543
-540
-523
-488
-469
-441
-405
-344
-373
-381
-395
-417
-412
-411
-382
-370
-321
-285
-256
-249
-213
-181
-139
-116
-126
-133
-157
-123
-87
-74
-81
-44
-12
8
52
69
102
171
187
202
217
250
298
334
383
432
421
394
404
406
422
470
527
503
466
418
375
354
376
441
490
526
504
485
480
488
546
595
608
565
557
528
499
515
552
582
603
590
548
501
443
408
425
473
548
562
565
569
559
533
534
573
623
648
622
598
583
531
498
427
429
450
439
438
426
408
404
373
351
358
341
300
260
250
244
310
326
338
323
283
224
179
169
190
219
245
241
224
190
121
39
25
25
47
51
29
12
-17
-40
-53
-24
-10
-21
-13
-24
-26
-22
-7
-4
-17
-36
-51
-43
-57
-91
-100
-100
-98
-64
-36
-17
-4
-1
4
-12
-25
-27
-37
-34
-65
-87
-143
-148
-153
-155
-100
-67
33
44
59
77
56
63
52
24
14
5
-27
-59
-99
-111
-113
-85
-27
15
63
88
118
133
145
90
69
72
112
137
178
208
234
207
218
218
195
207
199
187
152
90
78
84
123
168
242
319
383
429
398
389
375
368
336
311
324
462
607
715
775
729
640
534
487
537
603
628
638
621
529
400
385
458
530
590
604
580
549
506
530
565
589
549
512
437
355
273
283
312
328
320
326
313
284
208
206
185
144
93
28
-16
-50
-91
-130
-118
-117
-128
-125
-104
-100
-103
-118
-156
-169
-162
-185
-207
-237
-229
-197
-172
-142
-140
-159
-190
-221
-202
-173
-122
-113
-109
-107
-87
-64
-31
21
42
96
145
190
207
239
253
224
220
215
216
209
230
208
196
198
222
230
278
312
353
399
437
485
531
563
580
581
561
553
500
479
461
465
480
484
514
500
522
517
516
501
473
462
438
453
454
460
454
451
421
359
331
331
354
346
345
346
348
348
361
380
422
427
440
467
492
552
599
594
577
550
558
573
581
605
565
539
503
541
587
611
611
601
545
498
433
382
398
476
593
611
615
568
554
541
544
556
554
529
472
424
403
384
362
372
374
365
362
371
369
352
350
325
269
237
191
134
127
125
117
165
179
182
168
138
101
72
69
119
149
167
171
143
113
75
76
76
88
114
123
126
125
128
120
175
206
225
265
264
227
198
159
141
141
135
171
200
231
261
310
335
401
452
480
473
454
425
395
420
423
440
462
467
441
424
492
529
583
577
565
520
466
461
526
576
631
647
637
581
544
522
584
634
684
757
788
788
753
619
551
569
596
646
665
653
642
589
548
551
563
588
567
548
541
508
475
468
426
405
347
325
266
242
242
263
258
281
279
266
210
206
166
159
122
102
107
84
85
87
110
113
90
76
60
56
77
81
78
44
37
18
-4
9
34
48
53
30
23
27
52
41
39
38
50
24
34
34
38
53
55
96
125
160
181
213
261
294
292
259
248
235
247
254
296
270
263
251
229
248
254
291
366
392
413
450
454
459
454
438
407
394
381
378
383
406
421
408
417
393
400
376
367
370
336
319
319
325
310
287
290
306
341
361
367
367
372
359
349
385
395
452
465
461
429
406
356
309
277
249
241
253
296
313
305
306
274
255
257
295
327
349
380
395
391
352
322
316
315
319
325
309
257
244
240
264
254
266
253
234
201
185
153
156
156
150
186
231
248
245
244
228
194
150
106
36
-2
4
15
43
59
76
77
77
56
40
67
42
44
55
54
31
-3
-17
-14
-24
-29
-47
-39
-64
-23
27
92
128
151
203
237
217
170
102
82
67
78
108
204
213
237
235
234
225
248
266
291
327
321
319
332
359
371
366
434
466
471
491
482
468
445
377
383
417
412
413
410
418
395
365
384
382
405
404
376
363
336
270
242
234
206
162
156
138
120
155
170
164
164
151
134
118
86
95
71
55
41
43
45
61
18
-8
-52
-55
-81
-80
-66
-30
11
52
65
68
41
33
-2
-18
-40
-58
-76
-76
-80
-41
-10
14
86
122
149
185
205
217
221
193
180
167
174
171
170
153
169
185
176
195
223
257
289
319
333
336
355
358
348
371
363
368
365
336
322
325
306
318
353
366
418
430
448
445
462
442
450
442
480
492
494
493
485
502
540
571
617
631
624
635
606
594
581
563
541
499
493
482
491
513
539
587
576
562
545
542
523
507
473
443
451
438
443
460
461
441
449
382
358
311
264
211
200
153
144
101
112
104
129
138
141
122
128
129
115
122
131
132
133
140
114
84
75
80
55
54
54
81
124
134
175
181
195
199
207
212
208
196
182
187
164
162
162
174
165
191
207
212
246
239
253
225
226
252
254
274
311
327
338
303
298
281
277
268
299
312
302
297
277
250
220
181
161
168
199
224
235
221
179
158
106
96
95
125
146
201
229
258
285
311
271
244
234
198
183
188
168
164
203
231
241
277
272
282
263
231
173
136
123
96
58
43
29
9
12
13
13
10
21
-2
2
-8
4
17
15
49
59
85
100
70
66
43
58
93
90
71
42
-28
-74
-112
-109
-76
-52
9
139
172
163
153
135
117
113
75
20
-10
-47
-40
-51
-27
-37
-12
4
6
5
5
-4
0
19
20
13
11
10
8
22
7
20
-1
5
-15
-18
0
-4
20
8
32
29
79
111
128
127
99
95
94
85
112
105
117
145
172
202
257
302
358
364
381
394
419
409
418
418
416
408
413
436
425
424
423
426
447
451
449
446
430
421
410
448
483
516
567
619
637
605
584
564
588
599
581
585
568
533
553
550
563
591
578
576
586
565
560
565
579
601
580
591
587
583
593
599
589
566
561
571
554
529
496
443
406
371
354
370
431
466
487
504
526
528
514
481
420
385
342
276
248
196
165
102
76
55
47
23
37
39
79
115
89
72
62
24
20
16
21
65
95
103
129
121
119
117
116
108
60
27
-1
-17
-12
-33
3
13
52
77
98
107
121
130
132
131
144
145
145
140
118
116
157
161
181
215
210
213
212
223
239
241
240
226
221
203
184
152
144
135
162
210
279
306
320
260
246
212
210
236
253
263
264
249
225
232
208
196
206
183
200
194
180
161
160
133
144
141
139
90
77
54
66
66
63
58
102
105
112
95
56
25
-23
-77
-171
-201
-207
-223
-241
-268
-267
-249
-204
-190
-184
-166
-187
-191
-180
-192
-175
-147
-135
-141
-140
-144
-153
-162
-184
-186
-164
-150
-137
-118
-123
-156
-171
-188
-178
-178
-184
-150
-131
-90
-78
-51
-10
4
2
-19
-21
-6
7
3
-15
3
0
11
24
46
49
40
57
70
94
108
128
121
120
138
138
148
171
171
145
139
122
122
