0.0000
0.0015
0.0079
0.0204
0.0362
0.0498
0.0566
0.0561
0.0516
0.0491
0.0534
0.0654
0.0819
0.0973
0.1069
0.1097
0.1092
0.1109
0.1197
0.1365
0.1579
0.1782
0.1925
0.2001
0.2042
0.2104
0.2235
0.2443
0.2695
0.2933
0.3111
0.3217
0.3286
0.3374
0.3527
0.3756
0.4025
0.4279
0.4469
0.4585
0.4661
0.4754
0.4911
0.5140
0.5408
0.5658
0.5842
0.5950
0.6017
0.6098
0.6241
0.6456
0.6707
0.6938
0.7102
0.7190
0.7233
0.7291
0.7408
0.7596
0.7819
0.8022
0.8156
0.8212
0.8223
0.8238
0.8308
0.8452
0.8641
0.8817
0.8926
0.8952
0.8922
0.8895
0.8923
0.9025
0.9171
0.9303
0.9370
0.9352
0.9278
0.9206
0.9190
0.9247
0.9348
0.9436
0.9458
0.9395
0.9277
0.9160
0.9099
0.9111
0.9168
0.9211
0.9188
0.9081
0.8918
0.8758
0.8653
0.8622
0.8635
0.8636
0.8570
0.8421
0.8216
0.8015
0.7869
0.7797
0.7771
0.7732
0.7628
0.7441
0.7199
0.6960
0.6778
0.6670
0.6609
0.6536
0.6398
0.6178
0.5903
0.5633
0.5421
0.5284
0.5193
0.5092
0.4927
0.4681
0.4381
0.4087
0.3851
0.3691
0.3579
0.3457
0.3272
0.3007
0.2690
0.2379
0.2127
0.1953
0.1827
0.1693
0.1497
0.1221
0.0895
0.0575
0.0317
0.0136
0.0006
-0.0132
-0.0331
-0.0609
-0.0935
-0.1254
-0.1511
-0.1689
-0.1815
-0.1948
-0.2141
-0.2411
-0.2730
-0.3039
-0.3286
-0.3452
-0.3566
-0.3686
-0.3864
-0.4118
-0.4420
-0.4712
-0.4940
-0.5086
-0.5179
-0.5277
-0.5433
-0.5664
-0.5941
-0.6207
-0.6409
-0.6528
-0.6593
-0.6662
-0.6788
-0.6988
-0.7234
-0.7468
-0.7637
-0.7722
-0.7753
-0.7787
-0.7877
-0.8041
-0.8250
-0.8446
-0.8576
-0.8623
-0.8614
-0.8608
-0.8658
-0.8781
-0.8949
-0.9103
-0.9192
-0.9196
-0.9144
-0.9095
-0.9101
-0.9180
-0.9304
-0.9415
-0.9459
-0.9418
-0.9322
-0.9228
-0.9190
-0.9224
-0.9303
-0.9368
-0.9367
-0.9282
-0.9141
-0.9003
-0.8920
-0.8910
-0.8944
-0.8966
-0.8921
-0.8793
-0.8609
-0.8427
-0.8302
-0.8250
-0.8243
-0.8223
-0.8138
-0.7969
-0.7745
-0.7524
-0.7360
-0.7269
-0.7225
-0.7168
-0.7046
-0.6842
-0.6583
-0.6328
-0.6130
-0.6006
-0.5930
-0.5842
-0.5689
-0.5455
-0.5167
-0.4884
-0.4659
-0.4509
-0.4407
-0.4295
-0.4119
-0.3862
-0.3553
-0.3249
-0.3004
-0.2836
-0.2716
-0.2587
-0.2395
-0.2124
-0.1801
-0.1485
-0.1228
-0.1050
-0.0921
-0.0784
-0.0585
-0.0307
0.0021
0.0341
0.0600
0.0780
0.0909
0.1046
0.1243
0.1518
0.1842
0.2157
0.2410
0.2583
0.2704
0.2831
0.3018
0.3281
0.3592
0.3894
0.4132
0.4289
0.4394
0.4504
0.4671
0.4915
0.5206
0.5486
0.5701
0.5835
0.5915
0.5999
0.6141
0.6357
0.6619
0.6870
0.7056
0.7159
0.7208
0.7260
0.7368
0.7551
0.7779
0.7995
0.8145
0.8212
0.8223
0.8238
0.8308
0.8452
0.8641
0.8817
0.8926
0.8952
0.8922
0.8895
0.8923
0.9025
0.9171
0.9303
0.9370
0.9352
0.9278
0.9206
0.9190
0.9247
0.9348
0.9436
0.9458
0.9395
0.9277
0.9160
0.9099
0.9111
0.9168
0.9211
0.9188
0.9081
0.8918
0.8758
0.8653
0.8622
0.8635
0.8636
0.8570
0.8421
0.8216
0.8015
0.7869
0.7797
0.7771
0.7732
0.7628
0.7441
0.7199
0.6960
0.6778
0.6670
0.6609
0.6536
0.6398
0.6178
0.5903
0.5633
0.5421
0.5284
0.5193
0.5092
0.4927
0.4681
0.4381
0.4087
0.3850
0.3691
0.3579
0.3457
0.3272
0.3007
0.2690
0.2379
0.2127
0.1953
0.1827
0.1693
0.1497
0.1221
0.0895
0.0575
0.0317
0.0136
0.0006
-0.0132
-0.0331
-0.0608
-0.0935
-0.1254
-0.1511
-0.1689
-0.1815
-0.1948
-0.2141
-0.2411
-0.2730
-0.3039
-0.3286
-0.3452
-0.3566
-0.3686
-0.3864
-0.4118
-0.4420
-0.4712
-0.4940
-0.5086
-0.5179
-0.5277
-0.5433
-0.5664
-0.5941
-0.6207
-0.6409
-0.6528
-0.6593
-0.6662
-0.6788
-0.6988
-0.7234
-0.7468
-0.7637
-0.7722
-0.7753
-0.7787
-0.7877
-0.8041
-0.8250
-0.8446
-0.8576
-0.8623
-0.8614
-0.8608
-0.8658
-0.8781
-0.8949
-0.9103
-0.9192
-0.9196
-0.9144
-0.9095
-0.9101
-0.9180
-0.9304
-0.9415
-0.9459
-0.9418
-0.9322
-0.9228
-0.9190
-0.9224
-0.9303
-0.9368
-0.9367
-0.9282
-0.9141
-0.9003
-0.8920
-0.8910
-0.8944
-0.8966
-0.8921
-0.8793
-0.8609
-0.8427
-0.8302
-0.8250
-0.8243
-0.8223
-0.8138
-0.7969
-0.7745
-0.7524
-0.7360
-0.7269
-0.7225
-0.7168
-0.7046
-0.6842
-0.6583
-0.6328
-0.6130
-0.6006
-0.5930
-0.5842
-0.5689
-0.5455
-0.5167
-0.4884
-0.4659
-0.4509
