0.0000
0.7316
1.0491
0.7807
0.0980
-0.5847
-0.8533
-0.5361
0.1951
0.9262
1.2430
0.9738
0.2903
-0.3934
-0.6631
-0.3472
0.3827
1.1123
1.4276
1.1567
0.4714
-0.2142
-0.4859
-0.1721
0.5556
1.2829
1.5957
1.3223
0.6344
-0.0539
-0.3284
-0.0176
0.7071
1.4314
1.7410
1.4643
0.7730
0.0812
-0.1968
0.1105
0.8315
1.5520
1.8577
1.5772
0.8819
0.1861
-0.0960
0.2071
0.9239
1.6401
1.9415
1.6566
0.9569
0.2567
-0.0300
0.2686
0.9808
1.6924
1.9892
1.6996
0.9952
0.2902
-0.0012
0.2926
1.0000
1.7068
1.9988
1.7044
0.9952
0.2854
-0.0108
0.2782
0.9808
1.6828
1.9700
1.6709
0.9569
0.2424
-0.0585
0.2259
0.9239
1.6213
1.9040
1.6003
0.8819
0.1630
-0.1423
0.1377
0.8315
1.5247
1.8032
1.4955
0.7730
0.0501
-0.2590
0.0171
0.7071
1.3966
1.6716
1.3603
0.6344
-0.0919
-0.4043
-0.1313
0.5556
1.2421
1.5141
1.2000
0.4714
-0.2575
-0.5724
-0.3019
0.3827
1.0670
1.3369
1.0208
0.2903
-0.4404
-0.7570
-0.4880
0.1951
0.8781
1.1467
0.8295
0.0980
-0.6335
-0.9509
-0.6826
0.0000
0.6826
0.9509
0.6335
-0.0980
-0.8295
-1.1467
-0.8781
-0.1951
0.4880
0.7570
0.4404
-0.2903
-1.0208
-1.3369
-1.0670
-0.3827
0.3019
0.5724
0.2575
-0.4714
-1.2000
-1.5141
-1.2421
-0.5556
0.1313
0.4043
0.0919
-0.6344
-1.3603
-1.6716
-1.3966
-0.7071
-0.0171
0.2590
-0.0501
-0.7730
-1.4955
-1.8032
-1.5247
-0.8315
-0.1377
0.1423
-0.1630
-0.8819
-1.6003
-1.9040
-1.6213
-0.9239
-0.2259
0.0585
-0.2424
-0.9569
-1.6709
-1.9700
-1.6828
-0.9808
-0.2782
0.0108
-0.2854
-0.9952
-1.7044
-1.9988
-1.7068
-1.0000
-0.2926
0.0012
-0.2902
-0.9952
-1.6996
-1.9892
-1.6924
-0.9808
-0.2686
0.0300
-0.2567
-0.9569
-1.6566
-1.9415
-1.6401
-0.9239
-0.2071
0.0960
-0.1861
-0.8819
-1.5772
-1.8577
-1.5520
-0.8315
-0.1105
0.1968
-0.0812
-0.7730
-1.4643
-1.7410
-1.4314
-0.7071
0.0176
0.3284
0.0539
-0.6344
-1.3223
-1.5957
-1.2829
-0.5556
0.1721
0.4859
0.2142
-0.4714
-1.1567
-1.4276
-1.1124
-0.3827
0.3472
0.6631
0.3934
-0.2903
-0.9738
-1.2430
-0.9262
-0.1951
0.5361
0.8533
0.5847
-0.0980
-0.7807
-1.0491
-0.7316
0.0000
0.7316
1.0491
0.7807
0.0980
-0.5847
-0.8533
-0.5361
0.1951
0.9262
1.2430
0.9738
0.2903
-0.3934
-0.6631
-0.3472
0.3827
1.1123
1.4276
1.1567
0.4714
-0.2142
-0.4859
-0.1721
0.5556
1.2829
1.5957
1.3223
0.6344
-0.0539
-0.3284
-0.0176
0.7071
1.4314
1.7410
1.4643
0.7730
0.0812
-0.1968
0.1105
0.8315
1.5520
1.8577
1.5772
0.8819
0.1861
-0.0960
0.2071
0.9239
1.6401
1.9415
1.6566
0.9569
0.2567
-0.0300
0.2686
0.9808
1.6924
1.9892
1.6996
0.9952
0.2902
-0.0012
0.2926
1.0000
1.7068
1.9988
1.7044
0.9952
0.2854
-0.0108
0.2782
0.9808
1.6828
1.9700
1.6709
0.9569
0.2424
-0.0585
0.2259
0.9239
1.6213
1.9040
1.6003
0.8819
0.1630
-0.1423
0.1377
0.8315
1.5247
1.8032
1.4955
0.7730
0.0501
-0.2590
0.0171
0.7071
1.3966
1.6716
1.3603
0.6344
-0.0919
-0.4043
-0.1313
0.5556
1.2421
1.5141
1.2000
0.4714
-0.2575
-0.5724
-0.3019
0.3827
1.0670
1.3369
1.0208
0.2903
-0.4404
-0.7570
-0.4880
0.1951
0.8781
1.1467
0.8295
0.0980
-0.6335
-0.9509
-0.6826
0.0000
0.6826
0.9509
0.6335
-0.0980
-0.8295
-1.1467
-0.8781
-0.1951
0.4880
0.7570
0.4404
-0.2903
-1.0208
-1.3369
-1.0670
-0.3827
0.3019
0.5724
0.2575
-0.4714
-1.2000
-1.5141
-1.2421
-0.5556
0.1313
0.4043
0.0919
-0.6344
-1.3603
-1.6716
-1.3966
-0.7071
-0.0171
0.2590
-0.0501
-0.7730
-1.4955
-1.8032
-1.5247
-0.8315
-0.1378
0.1423
-0.1630
-0.8819
-1.6003
-1.9040
-1.6213
-0.9239
-0.2259
0.0585
-0.2424
-0.9569
-1.6709
-1.9700
-1.6828
-0.9808
-0.2782
0.0108
-0.2854
-0.9952
-1.7044
-1.9988
-1.7068
-1.0000
-0.2926
0.0012
-0.2902
-0.9952
-1.6996
-1.9892
-1.6924
-0.9808
-0.2686
0.0300
-0.2567
-0.9569
-1.6566
-1.9415
-1.6401
-0.9239
-0.2071
0.0960
-0.1861
-0.8819
-1.5772
-1.8577
-1.5520
-0.8315
-0.1105
0.1968
-0.0812
-0.7730
-1.4643
-1.7410
-1.4314
-0.7071
0.0175
0.3284
0.0539
-0.6344
-1.3223
-1.5957
-1.2829
-0.5556
0.1721
0.4859
0.2142
-0.4714
-1.1567
-1.4276
-1.1123
-0.3827
0.3472
0.6631
0.3934
-0.2903
-0.9738
-1.2430
-0.9262
-0.1951
0.5361
0.8533
0.5847
-0.0980
-0.7807
-1.0491
-0.7316
